0,9.82396e-016,1.96479e-015,-2.54745e-014,3.92958e-015,3.33337e-014,-5.0949e-014,9.21419e-014,7.85916e-015,-7.64236e-014,6.66674e-014,-1.76154e-014,-1.01898e-013,4.11929e-014,1.84284e-013,-1.27373e-013,1.57183e-014,1.58809e-013,-1.52847e-013,-9.75619e-015,1.33335e-013,-1.78322e-013,-3.52307e-014,1.0786e-013,-2.03796e-013,-6.07052e-014,8.23857e-014,2.25477e-013,3.68568e-013,-3.97836e-013,-2.54745e-013,-1.11654e-013,3.14367e-014,1.74528e-013,3.17619e-013,4.60709e-013,-3.05694e-013,-1.62603e-013,-1.95124e-014,1.23579e-013,2.66669e-013,4.0976e-013,-3.56643e-013,-2.13552e-013,-7.04614e-014,7.26295e-014,2.1572e-013,3.58811e-013,-4.07592e-013,-2.64501e-013,-1.2141e-013,2.16805e-014,1.64771e-013,3.07862e-013,4.50953e-013,5.94044e-013,7.37135e-013,8.80226e-013,-7.95672e-013,-6.52581e-013,-5.0949e-013,-3.664e-013,-2.23309e-013,-8.02176e-014,6.28733e-014,2.05964e-013,3.49055e-013,4.92146e-013,6.35237e-013,7.78328e-013,9.21419e-013,-7.54479e-013,-6.11389e-013,-4.68298e-013,-3.25207e-013,-1.82116e-013,-3.90248e-014,1.04066e-013,2.47157e-013,3.90248e-013,5.33339e-013,6.7643e-013,8.19521e-013,9.62612e-013,-7.13287e-013,-5.70196e-013,-4.27105e-013,-2.84014e-013,-1.40923e-013,2.16808e-015,1.45259e-013,2.8835e-013,4.31441e-013,5.74532e-013,7.17623e-013,8.60714e-013,-8.15185e-013,-6.72094e-013,-5.29003e-013,-3.85912e-013,-2.42821e-013,
0,1.1492e-005,2.29727e-005,3.44307e-005,4.58547e-005,5.72334e-005,6.85557e-005,7.98103e-005,9.09862e-005,0.000102072,0.000113058,0.000123931,0.000134683,0.000145301,0.000155776,0.000166098,0.000176255,0.000186239,0.000196039,0.000205645,0.000215048,0.000224239,0.000233209,0.000241949,0.00025045,0.000258703,0.000266702,0.000274437,0.000281901,0.000289088,0.000295989,0.000302597,0.000308907,0.000314913,0.000320607,0.000325985,0.000331042,0.000335772,0.00034017,0.000344232,0.000347955,0.000351335,0.000354368,0.000357051,0.000359381,0.000361358,0.000362977,0.000364238,0.00036514,0.000365681,0.000365862,0.000365681,0.00036514,0.000364238,0.000362977,0.000361358,0.000359381,0.000357051,0.000354368,0.000351335,0.000347955,0.000344232,0.00034017,0.000335772,0.000331042,0.000325985,0.000320607,0.000314913,0.000308907,0.000302597,0.000295989,0.000289088,0.000281901,0.000274437,0.000266702,0.000258703,0.00025045,0.000241949,0.000233209,0.000224239,0.000215048,0.000205645,0.000196039,0.000186239,0.000176255,0.000166098,0.000155776,0.000145301,0.000134683,0.000123931,0.000113058,0.000102072,9.09862e-005,7.98103e-005,6.85557e-005,5.72334e-005,4.58547e-005,3.44307e-005,2.29727e-005,1.1492e-005,-1.46713e-081,
0,2.29727e-005,4.59227e-005,6.88273e-005,9.16641e-005,0.00011441,0.000137044,0.000159542,0.000181883,0.000204044,0.000226004,0.00024774,0.000269233,0.000290459,0.000311399,0.000332032,0.000352337,0.000372294,0.000391884,0.000411087,0.000429884,0.000448257,0.000466188,0.000483659,0.000500652,0.000517152,0.000533141,0.000548603,0.000563525,0.00057789,0.000591685,0.000604896,0.00061751,0.000629515,0.000640898,0.000651649,0.000661757,0.000671212,0.000680004,0.000688125,0.000695567,0.000702323,0.000708386,0.000713749,0.000718408,0.000722358,0.000725596,0.000728117,0.00072992,0.000731002,0.000731363,0.000731002,0.00072992,0.000728117,0.000725596,0.000722358,0.000718408,0.000713749,0.000708386,0.000702323,0.000695567,0.000688125,0.000680004,0.000671212,0.000661757,0.000651649,0.000640898,0.000629515,0.00061751,0.000604896,0.000591685,0.00057789,0.000563525,0.000548603,0.000533141,0.000517152,0.000500652,0.000483659,0.000466188,0.000448257,0.000429884,0.000411087,0.000391884,0.000372294,0.000352337,0.000332032,0.000311399,0.000290459,0.000269233,0.00024774,0.000226004,0.000204044,0.000181883,0.000159542,0.000137044,0.00011441,9.16641e-005,6.88273e-005,4.59227e-005,2.29727e-005,-8.86443e-150,
0,3.44307e-005,6.88273e-005,0.000103156,0.000137383,0.000171474,0.000205397,0.000239116,0.000272599,0.000305814,0.000338726,0.000371305,0.000403517,0.00043533,0.000466715,0.000497638,0.00052807,0.000557982,0.000587342,0.000616123,0.000644296,0.000671833,0.000698707,0.000724892,0.000750361,0.000775089,0.000799053,0.000822228,0.000844592,0.000866122,0.000886797,0.000906598,0.000925503,0.000943495,0.000960556,0.00097667,0.000991819,0.00100599,0.00101917,0.00103134,0.00104249,0.00105262,0.0010617,0.00106974,0.00107673,0.00108265,0.0010875,0.00109128,0.00109398,0.0010956,0.00109614,0.0010956,0.00109398,0.00109128,0.0010875,0.00108265,0.00107673,0.00106974,0.0010617,0.00105262,0.00104249,0.00103134,0.00101917,0.00100599,0.000991819,0.00097667,0.000960556,0.000943495,0.000925503,0.000906598,0.000886797,0.000866122,0.000844592,0.000822228,0.000799053,0.000775089,0.000750361,0.000724892,0.000698707,0.000671833,0.000644296,0.000616123,0.000587342,0.000557982,0.00052807,0.000497638,0.000466715,0.00043533,0.000403517,0.000371305,0.000338726,0.000305814,0.000272599,0.000239116,0.000205397,0.000171474,0.000137383,0.000103156,6.88273e-005,3.44307e-005,-5.35591e-218,
0,4.58547e-005,9.16641e-005,0.000137383,0.000182966,0.000228369,0.000273547,0.000318454,0.000363047,0.000407282,0.000451115,0.000494503,0.000537403,0.000579772,0.000621569,0.000662753,0.000703283,0.000743119,0.000782221,0.000820551,0.000858072,0.000894746,0.000930537,0.000965409,0.000999329,0.00103226,0.00106418,0.00109504,0.00112483,0.0011535,0.00118103,0.0012074,0.00123258,0.00125654,0.00127927,0.00130073,0.0013209,0.00133977,0.00135732,0.00137353,0.00138839,0.00140187,0.00141398,0.00142468,0.00143398,0.00144187,0.00144833,0.00145336,0.00145696,0.00145912,0.00145984,0.00145912,0.00145696,0.00145336,0.00144833,0.00144187,0.00143398,0.00142468,0.00141398,0.00140187,0.00138839,0.00137353,0.00135732,0.00133977,0.0013209,0.00130073,0.00127927,0.00125654,0.00123258,0.0012074,0.00118103,0.0011535,0.00112483,0.00109504,0.00106418,0.00103226,0.000999329,0.000965409,0.000930537,0.000894746,0.000858072,0.000820551,0.000782221,0.000743119,0.000703283,0.000662753,0.000621569,0.000579772,0.000537403,0.000494503,0.000451115,0.000407282,0.000363047,0.000318454,0.000273547,0.000228369,0.000182966,0.000137383,9.16641e-005,4.58547e-005,-3.23605e-286,
0,5.72334e-005,0.00011441,0.000171474,0.000228369,0.000285039,0.000341427,0.000397478,0.000453137,0.000508349,0.000563059,0.000617213,0.000670758,0.000723642,0.000775811,0.000827214,0.000877801,0.000927522,0.000976328,0.00102417,0.001071,0.00111678,0.00116145,0.00120497,0.00124731,0.00128842,0.00132825,0.00136677,0.00140395,0.00143974,0.00147411,0.00150702,0.00153845,0.00156835,0.00159671,0.0016235,0.00164868,0.00167224,0.00169414,0.00171438,0.00173292,0.00174975,0.00176485,0.00177821,0.00178982,0.00179966,0.00180773,0.00181401,0.0018185,0.0018212,0.0018221,0.0018212,0.0018185,0.00181401,0.00180773,0.00179966,0.00178982,0.00177821,0.00176485,0.00174975,0.00173292,0.00171438,0.00169414,0.00167224,0.00164868,0.0016235,0.00159671,0.00156835,0.00153845,0.00150702,0.00147411,0.00143974,0.00140395,0.00136677,0.00132825,0.00128842,0.00124731,0.00120497,0.00116145,0.00111678,0.001071,0.00102417,0.000976328,0.000927522,0.000877801,0.000827214,0.000775811,0.000723642,0.000670758,0.000617213,0.000563059,0.000508349,0.000453137,0.000397478,0.000341427,0.000285039,0.000228369,0.000171474,0.00011441,5.72334e-005,-0,
0,6.85557e-005,0.000137044,0.000205397,0.000273547,0.000341427,0.00040897,0.000476109,0.000542779,0.000608913,0.000674446,0.000739314,0.000803452,0.000866797,0.000929287,0.000990859,0.00105145,0.00111101,0.00116947,0.00122678,0.00128287,0.0013377,0.00139121,0.00144335,0.00149406,0.0015433,0.00159101,0.00163716,0.00168169,0.00172456,0.00176572,0.00180515,0.00184279,0.00187862,0.00191259,0.00194467,0.00197483,0.00200305,0.00202929,0.00205352,0.00207573,0.00209589,0.00211399,0.00212999,0.0021439,0.00215568,0.00216534,0.00217287,0.00217825,0.00218148,0.00218255,0.00218148,0.00217825,0.00217287,0.00216534,0.00215568,0.0021439,0.00212999,0.00211399,0.00209589,0.00207573,0.00205352,0.00202929,0.00200305,0.00197483,0.00194467,0.00191259,0.00187862,0.00184279,0.00180515,0.00176572,0.00172456,0.00168169,0.00163716,0.00159101,0.0015433,0.00149406,0.00144335,0.00139121,0.0013377,0.00128287,0.00122678,0.00116947,0.00111101,0.00105145,0.000990859,0.000929287,0.000866797,0.000803452,0.000739314,0.000674446,0.000608913,0.000542779,0.000476109,0.00040897,0.000341427,0.000273547,0.000205397,0.000137044,6.85557e-005,-0,
0,7.98103e-005,0.000159542,0.000239116,0.000318454,0.000397478,0.000476109,0.000554271,0.000631886,0.000708877,0.000785169,0.000860685,0.000935353,0.0010091,0.00108185,0.00115353,0.00122407,0.0012934,0.00136146,0.00142817,0.00149348,0.00155731,0.0016196,0.0016803,0.00173934,0.00179666,0.00185221,0.00190593,0.00195777,0.00200767,0.0020556,0.0021015,0.00214532,0.00218702,0.00222657,0.00226392,0.00229904,0.00233189,0.00236243,0.00239065,0.0024165,0.00243997,0.00246103,0.00247967,0.00249585,0.00250958,0.00252082,0.00252958,0.00253585,0.00253961,0.00254086,0.00253961,0.00253585,0.00252958,0.00252082,0.00250958,0.00249585,0.00247967,0.00246103,0.00243997,0.0024165,0.00239065,0.00236243,0.00233189,0.00229904,0.00226392,0.00222657,0.00218702,0.00214532,0.0021015,0.0020556,0.00200767,0.00195777,0.00190593,0.00185221,0.00179666,0.00173934,0.0016803,0.0016196,0.00155731,0.00149348,0.00142817,0.00136146,0.0012934,0.00122407,0.00115353,0.00108185,0.0010091,0.000935353,0.000860685,0.000785169,0.000708877,0.000631886,0.000554271,0.000476109,0.000397478,0.000318454,0.000239116,0.000159542,7.98103e-005,-0,
0,9.09862e-005,0.000181883,0.000272599,0.000363047,0.000453137,0.000542779,0.000631886,0.000720369,0.000808141,0.000895116,0.000981207,0.00106633,0.0011504,0.00123334,0.00131505,0.00139547,0.00147452,0.00155211,0.00162816,0.00170261,0.00177538,0.0018464,0.00191559,0.0019829,0.00204825,0.00211157,0.00217281,0.00223191,0.00228881,0.00234344,0.00239577,0.00244573,0.00249327,0.00253836,0.00258094,0.00262097,0.00265842,0.00269324,0.00272541,0.00275488,0.00278164,0.00280565,0.0028269,0.00284535,0.00286099,0.00287382,0.0028838,0.00289094,0.00289523,0.00289666,0.00289523,0.00289094,0.0028838,0.00287382,0.00286099,0.00284535,0.0028269,0.00280565,0.00278164,0.00275488,0.00272541,0.00269324,0.00265842,0.00262097,0.00258094,0.00253836,0.00249327,0.00244573,0.00239577,0.00234344,0.00228881,0.00223191,0.00217281,0.00211157,0.00204825,0.0019829,0.00191559,0.0018464,0.00177538,0.00170261,0.00162816,0.00155211,0.00147452,0.00139547,0.00131505,0.00123334,0.0011504,0.00106633,0.000981207,0.000895116,0.000808141,0.000720369,0.000631886,0.000542779,0.000453137,0.000363047,0.000272599,0.000181883,9.09862e-005,-0,
0,0.000102072,0.000204044,0.000305814,0.000407282,0.000508349,0.000608913,0.000708877,0.000808141,0.000906608,0.00100418,0.00110076,0.00119626,0.00129057,0.00138361,0.00147529,0.0015655,0.00165418,0.00174122,0.00182654,0.00191006,0.0019917,0.00207137,0.002149,0.0022245,0.00229781,0.00236885,0.00243756,0.00250386,0.00256768,0.00262898,0.00268768,0.00274372,0.00279706,0.00284764,0.00289541,0.00294032,0.00298233,0.0030214,0.00305748,0.00309055,0.00312057,0.0031475,0.00317133,0.00319203,0.00320959,0.00322397,0.00323517,0.00324318,0.00324799,0.00324959,0.00324799,0.00324318,0.00323517,0.00322397,0.00320959,0.00319203,0.00317133,0.0031475,0.00312057,0.00309055,0.00305748,0.0030214,0.00298233,0.00294032,0.00289541,0.00284764,0.00279706,0.00274372,0.00268768,0.00262898,0.00256768,0.00250386,0.00243756,0.00236885,0.00229781,0.0022245,0.002149,0.00207137,0.0019917,0.00191006,0.00182654,0.00174122,0.00165418,0.0015655,0.00147529,0.00138361,0.00129057,0.00119626,0.00110076,0.00100418,0.000906608,0.000808141,0.000708877,0.000608913,0.000508349,0.000407282,0.000305814,0.000204044,0.000102072,-0,
0,0.000113058,0.000226004,0.000338726,0.000451115,0.000563059,0.000674446,0.000785169,0.000895116,0.00100418,0.00111225,0.00121923,0.001325,0.00142946,0.00153252,0.00163406,0.00173399,0.00183221,0.00192862,0.00202312,0.00211563,0.00220605,0.0022943,0.00238028,0.00246391,0.00254511,0.0026238,0.00269989,0.00277333,0.00284403,0.00291192,0.00297693,0.00303901,0.00309809,0.00315411,0.00320702,0.00325677,0.0033033,0.00334657,0.00338654,0.00342316,0.00345641,0.00348625,0.00351264,0.00353557,0.00355501,0.00357094,0.00358335,0.00359222,0.00359755,0.00359933,0.00359755,0.00359222,0.00358335,0.00357094,0.00355501,0.00353557,0.00351264,0.00348625,0.00345641,0.00342316,0.00338654,0.00334657,0.0033033,0.00325677,0.00320702,0.00315411,0.00309809,0.00303901,0.00297693,0.00291192,0.00284403,0.00277333,0.00269989,0.0026238,0.00254511,0.00246391,0.00238028,0.0022943,0.00220605,0.00211563,0.00202312,0.00192862,0.00183221,0.00173399,0.00163406,0.00153252,0.00142946,0.001325,0.00121923,0.00111225,0.00100418,0.000895116,0.000785169,0.000674446,0.000563059,0.000451115,0.000338726,0.000226004,0.000113058,-0,
0,0.000123931,0.00024774,0.000371305,0.000494503,0.000617213,0.000739314,0.000860685,0.000981207,0.00110076,0.00121923,0.00133649,0.00145244,0.00156695,0.00167991,0.00179122,0.00190076,0.00200843,0.00211411,0.0022177,0.00231911,0.00241823,0.00251496,0.00260921,0.00270088,0.00278989,0.00287615,0.00295957,0.00304006,0.00311756,0.00319198,0.00326325,0.0033313,0.00339606,0.00345747,0.00351547,0.00357,0.00362101,0.00366844,0.00371225,0.0037524,0.00378884,0.00382155,0.00385048,0.00387562,0.00389693,0.00391439,0.003928,0.00393772,0.00394356,0.0039455,0.00394356,0.00393772,0.003928,0.00391439,0.00389693,0.00387562,0.00385048,0.00382155,0.00378884,0.0037524,0.00371225,0.00366844,0.00362101,0.00357,0.00351547,0.00345747,0.00339606,0.0033313,0.00326325,0.00319198,0.00311756,0.00304006,0.00295957,0.00287615,0.00278989,0.00270088,0.00260921,0.00251496,0.00241823,0.00231911,0.0022177,0.00211411,0.00200843,0.00190076,0.00179122,0.00167991,0.00156695,0.00145244,0.00133649,0.00121923,0.00110076,0.000981207,0.000860685,0.000739314,0.000617213,0.000494503,0.000371305,0.00024774,0.000123931,-0,
0,0.000134683,0.000269233,0.000403517,0.000537403,0.000670758,0.000803452,0.000935353,0.00106633,0.00119626,0.001325,0.00145244,0.00157844,0.00170289,0.00182565,0.00194662,0.00206566,0.00218266,0.00229751,0.0024101,0.0025203,0.00262802,0.00273314,0.00283557,0.00293519,0.00303193,0.00312567,0.00321632,0.0033038,0.00338802,0.0034689,0.00354635,0.0036203,0.00369068,0.00375742,0.00382045,0.00387971,0.00393514,0.00398669,0.0040343,0.00407793,0.00411754,0.00415308,0.00418453,0.00421184,0.004235,0.00425398,0.00426876,0.00427933,0.00428567,0.00428779,0.00428567,0.00427933,0.00426876,0.00425398,0.004235,0.00421184,0.00418453,0.00415308,0.00411754,0.00407793,0.0040343,0.00398669,0.00393514,0.00387971,0.00382045,0.00375742,0.00369068,0.0036203,0.00354635,0.0034689,0.00338802,0.0033038,0.00321632,0.00312567,0.00303193,0.00293519,0.00283557,0.00273314,0.00262802,0.0025203,0.0024101,0.00229751,0.00218266,0.00206566,0.00194662,0.00182565,0.00170289,0.00157844,0.00145244,0.001325,0.00119626,0.00106633,0.000935353,0.000803452,0.000670758,0.000537403,0.000403517,0.000269233,0.000134683,-0,
0,0.000145301,0.000290459,0.00043533,0.000579772,0.000723642,0.000866797,0.0010091,0.0011504,0.00129057,0.00142946,0.00156695,0.00170289,0.00183714,0.00196959,0.00210009,0.00222852,0.00235475,0.00247865,0.00260011,0.002719,0.00283521,0.00294862,0.00305913,0.00316661,0.00327097,0.0033721,0.0034699,0.00356427,0.00365513,0.00374239,0.00382595,0.00390573,0.00398166,0.00405366,0.00412166,0.00418559,0.00424539,0.004301,0.00435237,0.00439944,0.00444217,0.00448052,0.00451444,0.00454391,0.00456889,0.00458937,0.00460532,0.00461672,0.00462356,0.00462584,0.00462356,0.00461672,0.00460532,0.00458937,0.00456889,0.00454391,0.00451444,0.00448052,0.00444217,0.00439944,0.00435237,0.004301,0.00424539,0.00418559,0.00412166,0.00405366,0.00398166,0.00390573,0.00382595,0.00374239,0.00365513,0.00356427,0.0034699,0.0033721,0.00327097,0.00316661,0.00305913,0.00294862,0.00283521,0.002719,0.00260011,0.00247865,0.00235475,0.00222852,0.00210009,0.00196959,0.00183714,0.00170289,0.00156695,0.00142946,0.00129057,0.0011504,0.0010091,0.000866797,0.000723642,0.000579772,0.00043533,0.000290459,0.000145301,-0,
0,0.000155776,0.000311399,0.000466715,0.000621569,0.000775811,0.000929287,0.00108185,0.00123334,0.00138361,0.00153252,0.00167991,0.00182565,0.00196959,0.00211158,0.00225149,0.00238918,0.00252451,0.00265734,0.00278756,0.00291502,0.00303961,0.0031612,0.00327967,0.0033949,0.00350678,0.0036152,0.00372005,0.00382123,0.00391864,0.00401219,0.00410177,0.0041873,0.00426871,0.0043459,0.0044188,0.00448734,0.00455145,0.00461107,0.00466614,0.00471661,0.00476242,0.00480353,0.0048399,0.00487149,0.00489828,0.00492023,0.00493732,0.00494955,0.00495689,0.00495933,0.00495689,0.00494955,0.00493732,0.00492023,0.00489828,0.00487149,0.0048399,0.00480353,0.00476242,0.00471661,0.00466614,0.00461107,0.00455145,0.00448734,0.0044188,0.0043459,0.00426871,0.0041873,0.00410177,0.00401219,0.00391864,0.00382123,0.00372005,0.0036152,0.00350678,0.0033949,0.00327967,0.0031612,0.00303961,0.00291502,0.00278756,0.00265734,0.00252451,0.00238918,0.00225149,0.00211158,0.00196959,0.00182565,0.00167991,0.00153252,0.00138361,0.00123334,0.00108185,0.000929287,0.000775811,0.000621569,0.000466715,0.000311399,0.000155776,-0,
0,0.000166098,0.000332032,0.000497638,0.000662753,0.000827214,0.000990859,0.00115353,0.00131505,0.00147529,0.00163406,0.00179122,0.00194662,0.00210009,0.00225149,0.00240067,0.00254748,0.00269177,0.00283341,0.00297226,0.00310817,0.00324101,0.00337065,0.00349697,0.00361984,0.00373913,0.00385473,0.00396653,0.00407442,0.00417828,0.00427802,0.00437354,0.00446475,0.00455154,0.00463385,0.00471158,0.00478466,0.00485302,0.00491659,0.00497531,0.00502912,0.00507796,0.0051218,0.00516058,0.00519426,0.00522283,0.00524623,0.00526446,0.00527749,0.00528532,0.00528793,0.00528532,0.00527749,0.00526446,0.00524623,0.00522283,0.00519426,0.00516058,0.0051218,0.00507796,0.00502912,0.00497531,0.00491659,0.00485302,0.00478466,0.00471158,0.00463385,0.00455154,0.00446475,0.00437354,0.00427802,0.00417828,0.00407442,0.00396653,0.00385473,0.00373913,0.00361984,0.00349697,0.00337065,0.00324101,0.00310817,0.00297226,0.00283341,0.00269177,0.00254748,0.00240067,0.00225149,0.00210009,0.00194662,0.00179122,0.00163406,0.00147529,0.00131505,0.00115353,0.000990859,0.000827214,0.000662753,0.000497638,0.000332032,0.000166098,-0,
0,0.000176255,0.000352337,0.00052807,0.000703283,0.000877801,0.00105145,0.00122407,0.00139547,0.0015655,0.00173399,0.00190076,0.00206566,0.00222852,0.00238918,0.00254748,0.00270327,0.00285639,0.00300669,0.00315402,0.00329824,0.00343921,0.00357678,0.00371082,0.0038412,0.00396779,0.00409047,0.0042091,0.00432358,0.0044338,0.00453964,0.004641,0.00473778,0.00482989,0.00491722,0.00499971,0.00507726,0.0051498,0.00521726,0.00527957,0.00533667,0.0053885,0.00543502,0.00547617,0.00551191,0.00554222,0.00556706,0.0055864,0.00560023,0.00560854,0.0056113,0.00560854,0.00560023,0.0055864,0.00556706,0.00554222,0.00551191,0.00547617,0.00543502,0.0053885,0.00533667,0.00527957,0.00521726,0.0051498,0.00507726,0.00499971,0.00491722,0.00482989,0.00473778,0.004641,0.00453964,0.0044338,0.00432358,0.0042091,0.00409047,0.00396779,0.0038412,0.00371082,0.00357678,0.00343921,0.00329824,0.00315402,0.00300669,0.00285639,0.00270327,0.00254748,0.00238918,0.00222852,0.00206566,0.00190076,0.00173399,0.0015655,0.00139547,0.00122407,0.00105145,0.000877801,0.000703283,0.00052807,0.000352337,0.000176255,-0,
0,0.000186239,0.000372294,0.000557982,0.000743119,0.000927522,0.00111101,0.0012934,0.00147452,0.00165418,0.00183221,0.00200843,0.00218266,0.00235475,0.00252451,0.00269177,0.00285639,0.00301818,0.00317699,0.00333267,0.00348506,0.00363401,0.00377938,0.00392101,0.00405878,0.00419254,0.00432216,0.00444752,0.00456848,0.00468494,0.00479678,0.00490388,0.00500614,0.00510346,0.00519575,0.00528291,0.00536485,0.0054415,0.00551278,0.00557862,0.00563895,0.00569372,0.00574287,0.00578635,0.00582412,0.00585615,0.00588239,0.00590283,0.00591744,0.00592622,0.00592914,0.00592622,0.00591744,0.00590283,0.00588239,0.00585615,0.00582412,0.00578635,0.00574287,0.00569372,0.00563895,0.00557862,0.00551278,0.0054415,0.00536485,0.00528291,0.00519575,0.00510346,0.00500614,0.00490388,0.00479678,0.00468494,0.00456848,0.00444752,0.00432216,0.00419254,0.00405878,0.00392101,0.00377938,0.00363401,0.00348506,0.00333267,0.00317699,0.00301818,0.00285639,0.00269177,0.00252451,0.00235475,0.00218266,0.00200843,0.00183221,0.00165418,0.00147452,0.0012934,0.00111101,0.000927522,0.000743119,0.000557982,0.000372294,0.000186239,-0,
0,0.000196039,0.000391884,0.000587342,0.000782221,0.000976328,0.00116947,0.00136146,0.00155211,0.00174122,0.00192862,0.00211411,0.00229751,0.00247865,0.00265734,0.00283341,0.00300669,0.00317699,0.00334416,0.00350804,0.00366844,0.00382523,0.00397825,0.00412733,0.00427235,0.00441315,0.00454959,0.00468154,0.00480887,0.00493146,0.00504918,0.00516192,0.00526956,0.005372,0.00546914,0.00556089,0.00564714,0.00572783,0.00580286,0.00587216,0.00593567,0.00599332,0.00604505,0.00609082,0.00613058,0.00616429,0.00619192,0.00621343,0.00622881,0.00623805,0.00624113,0.00623805,0.00622881,0.00621343,0.00619192,0.00616429,0.00613058,0.00609082,0.00604505,0.00599332,0.00593567,0.00587216,0.00580286,0.00572783,0.00564714,0.00556089,0.00546914,0.005372,0.00526956,0.00516192,0.00504918,0.00493146,0.00480887,0.00468154,0.00454959,0.00441315,0.00427235,0.00412733,0.00397825,0.00382523,0.00366844,0.00350804,0.00334416,0.00317699,0.00300669,0.00283341,0.00265734,0.00247865,0.00229751,0.00211411,0.00192862,0.00174122,0.00155211,0.00136146,0.00116947,0.000976328,0.000782221,0.000587342,0.000391884,0.000196039,-0,
0,0.000205645,0.000411087,0.000616123,0.000820551,0.00102417,0.00122678,0.00142817,0.00162816,0.00182654,0.00202312,0.0022177,0.0024101,0.00260011,0.00278756,0.00297226,0.00315402,0.00333267,0.00350804,0.00367994,0.00384821,0.00401268,0.00417319,0.00432958,0.0044817,0.0046294,0.00477253,0.00491095,0.00504452,0.00517311,0.0052966,0.00541486,0.00552778,0.00563524,0.00573714,0.00583338,0.00592386,0.0060085,0.00608721,0.00615991,0.00622653,0.006287,0.00634127,0.00638929,0.00643099,0.00646635,0.00649533,0.0065179,0.00653404,0.00654373,0.00654696,0.00654373,0.00653404,0.0065179,0.00649533,0.00646635,0.00643099,0.00638929,0.00634127,0.006287,0.00622653,0.00615991,0.00608721,0.0060085,0.00592386,0.00583338,0.00573714,0.00563524,0.00552778,0.00541486,0.0052966,0.00517311,0.00504452,0.00491095,0.00477253,0.0046294,0.0044817,0.00432958,0.00417319,0.00401268,0.00384821,0.00367994,0.00350804,0.00333267,0.00315402,0.00297226,0.00278756,0.00260011,0.0024101,0.0022177,0.00202312,0.00182654,0.00162816,0.00142817,0.00122678,0.00102417,0.000820551,0.000616123,0.000411087,0.000205645,-0,
0,0.000215048,0.000429884,0.000644296,0.000858072,0.001071,0.00128287,0.00149348,0.00170261,0.00191006,0.00211563,0.00231911,0.0025203,0.002719,0.00291502,0.00310817,0.00329824,0.00348506,0.00366844,0.00384821,0.00402417,0.00419616,0.00436401,0.00452756,0.00468663,0.00484108,0.00499076,0.0051355,0.00527518,0.00540966,0.00553879,0.00566246,0.00578054,0.00589292,0.00599948,0.00610012,0.00619474,0.00628325,0.00636555,0.00644157,0.00651124,0.00657448,0.00663124,0.00668144,0.00672506,0.00676203,0.00679234,0.00681594,0.00683282,0.00684295,0.00684633,0.00684295,0.00683282,0.00681594,0.00679234,0.00676203,0.00672506,0.00668144,0.00663124,0.00657448,0.00651124,0.00644157,0.00636555,0.00628325,0.00619474,0.00610012,0.00599948,0.00589292,0.00578054,0.00566246,0.00553879,0.00540966,0.00527518,0.0051355,0.00499076,0.00484108,0.00468663,0.00452756,0.00436401,0.00419616,0.00402417,0.00384821,0.00366844,0.00348506,0.00329824,0.00310817,0.00291502,0.002719,0.0025203,0.00231911,0.00211563,0.00191006,0.00170261,0.00149348,0.00128287,0.001071,0.000858072,0.000644296,0.000429884,0.000215048,-0,
0,0.000224239,0.000448257,0.000671833,0.000894746,0.00111678,0.0013377,0.00155731,0.00177538,0.0019917,0.00220605,0.00241823,0.00262802,0.00283521,0.00303961,0.00324101,0.00343921,0.00363401,0.00382523,0.00401268,0.00419616,0.0043755,0.00455053,0.00472106,0.00488694,0.00504799,0.00520406,0.00535499,0.00550064,0.00564087,0.00577552,0.00590447,0.0060276,0.00614478,0.0062559,0.00636084,0.0064595,0.00655179,0.00663761,0.00671689,0.00678953,0.00685547,0.00691465,0.00696701,0.00701248,0.00705104,0.00708264,0.00710725,0.00712485,0.00713541,0.00713893,0.00713541,0.00712485,0.00710725,0.00708264,0.00705104,0.00701248,0.00696701,0.00691465,0.00685547,0.00678953,0.00671689,0.00663761,0.00655179,0.0064595,0.00636084,0.0062559,0.00614478,0.0060276,0.00590447,0.00577552,0.00564087,0.00550064,0.00535499,0.00520406,0.00504799,0.00488694,0.00472106,0.00455053,0.0043755,0.00419616,0.00401268,0.00382523,0.00363401,0.00343921,0.00324101,0.00303961,0.00283521,0.00262802,0.00241823,0.00220605,0.0019917,0.00177538,0.00155731,0.0013377,0.00111678,0.000894746,0.000671833,0.000448257,0.000224239,-0,
0,0.000233209,0.000466188,0.000698707,0.000930537,0.00116145,0.00139121,0.0016196,0.0018464,0.00207137,0.0022943,0.00251496,0.00273314,0.00294862,0.0031612,0.00337065,0.00357678,0.00377938,0.00397825,0.00417319,0.00436401,0.00455053,0.00473255,0.00490991,0.00508242,0.00524991,0.00541223,0.0055692,0.00572068,0.00586651,0.00600655,0.00614066,0.00626871,0.00639058,0.00650614,0.00661528,0.00671789,0.00681387,0.00690313,0.00698557,0.00706112,0.0071297,0.00719125,0.00724569,0.00729299,0.00733309,0.00736596,0.00739155,0.00740985,0.00742084,0.0074245,0.00742084,0.00740985,0.00739155,0.00736596,0.00733309,0.00729299,0.00724569,0.00719125,0.0071297,0.00706112,0.00698557,0.00690313,0.00681387,0.00671789,0.00661528,0.00650614,0.00639058,0.00626871,0.00614066,0.00600655,0.00586651,0.00572068,0.0055692,0.00541223,0.00524991,0.00508242,0.00490991,0.00473255,0.00455053,0.00436401,0.00417319,0.00397825,0.00377938,0.00357678,0.00337065,0.0031612,0.00294862,0.00273314,0.00251496,0.0022943,0.00207137,0.0018464,0.0016196,0.00139121,0.00116145,0.000930537,0.000698707,0.000466188,0.000233209,-0,
0,0.000241949,0.000483659,0.000724892,0.000965409,0.00120497,0.00144335,0.0016803,0.00191559,0.002149,0.00238028,0.00260921,0.00283557,0.00305913,0.00327967,0.00349697,0.00371082,0.00392101,0.00412733,0.00432958,0.00452756,0.00472106,0.00490991,0.00509391,0.00527289,0.00544666,0.00561505,0.00577791,0.00593506,0.00608636,0.00623165,0.00637079,0.00650364,0.00663007,0.00674996,0.00686319,0.00696965,0.00706922,0.00716182,0.00724736,0.00732574,0.00739689,0.00746074,0.00751723,0.0075663,0.0076079,0.007642,0.00766855,0.00768754,0.00769894,0.00770274,0.00769894,0.00768754,0.00766855,0.007642,0.0076079,0.0075663,0.00751723,0.00746074,0.00739689,0.00732574,0.00724736,0.00716182,0.00706922,0.00696965,0.00686319,0.00674996,0.00663007,0.00650364,0.00637079,0.00623165,0.00608636,0.00593506,0.00577791,0.00561505,0.00544666,0.00527289,0.00509391,0.00490991,0.00472106,0.00452756,0.00432958,0.00412733,0.00392101,0.00371082,0.00349697,0.00327967,0.00305913,0.00283557,0.00260921,0.00238028,0.002149,0.00191559,0.0016803,0.00144335,0.00120497,0.000965409,0.000724892,0.000483659,0.000241949,-0,
0,0.00025045,0.000500652,0.000750361,0.000999329,0.00124731,0.00149406,0.00173934,0.0019829,0.0022245,0.00246391,0.00270088,0.00293519,0.00316661,0.0033949,0.00361984,0.0038412,0.00405878,0.00427235,0.0044817,0.00468663,0.00488694,0.00508242,0.00527289,0.00545815,0.00563803,0.00581234,0.00598092,0.00614359,0.0063002,0.0064506,0.00659462,0.00673214,0.00686302,0.00698712,0.00710433,0.00721453,0.0073176,0.00741346,0.00750199,0.00758313,0.00765678,0.00772288,0.00778135,0.00783214,0.00787521,0.0079105,0.00793799,0.00795764,0.00796944,0.00797337,0.00796944,0.00795764,0.00793799,0.0079105,0.00787521,0.00783214,0.00778135,0.00772288,0.00765678,0.00758313,0.00750199,0.00741346,0.0073176,0.00721453,0.00710433,0.00698712,0.00686302,0.00673214,0.00659462,0.0064506,0.0063002,0.00614359,0.00598092,0.00581234,0.00563803,0.00545815,0.00527289,0.00508242,0.00488694,0.00468663,0.0044817,0.00427235,0.00405878,0.0038412,0.00361984,0.0033949,0.00316661,0.00293519,0.00270088,0.00246391,0.0022245,0.0019829,0.00173934,0.00149406,0.00124731,0.000999329,0.000750361,0.000500652,0.00025045,-0,
0,0.000258703,0.000517152,0.000775089,0.00103226,0.00128842,0.0015433,0.00179666,0.00204825,0.00229781,0.00254511,0.00278989,0.00303193,0.00327097,0.00350678,0.00373913,0.00396779,0.00419254,0.00441315,0.0046294,0.00484108,0.00504799,0.00524991,0.00544666,0.00563803,0.00582383,0.00600389,0.00617802,0.00634606,0.00650783,0.00666318,0.00681195,0.006954,0.00708919,0.00721739,0.00733846,0.00745228,0.00755876,0.00765777,0.00774923,0.00783304,0.00790912,0.00797739,0.00803779,0.00809026,0.00813474,0.0081712,0.00819959,0.00821989,0.00823208,0.00823614,0.00823208,0.00821989,0.00819959,0.0081712,0.00813474,0.00809026,0.00803779,0.00797739,0.00790912,0.00783304,0.00774923,0.00765777,0.00755876,0.00745228,0.00733846,0.00721739,0.00708919,0.006954,0.00681195,0.00666318,0.00650783,0.00634606,0.00617802,0.00600389,0.00582383,0.00563803,0.00544666,0.00524991,0.00504799,0.00484108,0.0046294,0.00441315,0.00419254,0.00396779,0.00373913,0.00350678,0.00327097,0.00303193,0.00278989,0.00254511,0.00229781,0.00204825,0.00179666,0.0015433,0.00128842,0.00103226,0.000775089,0.000517152,0.000258703,-0,
0,0.000266702,0.000533141,0.000799053,0.00106418,0.00132825,0.00159101,0.00185221,0.00211157,0.00236885,0.0026238,0.00287615,0.00312567,0.0033721,0.0036152,0.00385473,0.00409047,0.00432216,0.00454959,0.00477253,0.00499076,0.00520406,0.00541223,0.00561505,0.00581234,0.00600389,0.00618951,0.00636903,0.00654226,0.00670903,0.00686919,0.00702256,0.007169,0.00730837,0.00744053,0.00756534,0.00768269,0.00779245,0.00789453,0.00798881,0.00807521,0.00815364,0.00822403,0.00828629,0.00834039,0.00838624,0.00842383,0.0084531,0.00847403,0.00848659,0.00849078,0.00848659,0.00847403,0.0084531,0.00842383,0.00838624,0.00834039,0.00828629,0.00822403,0.00815364,0.00807521,0.00798881,0.00789453,0.00779245,0.00768269,0.00756534,0.00744053,0.00730837,0.007169,0.00702256,0.00686919,0.00670903,0.00654226,0.00636903,0.00618951,0.00600389,0.00581234,0.00561505,0.00541223,0.00520406,0.00499076,0.00477253,0.00454959,0.00432216,0.00409047,0.00385473,0.0036152,0.0033721,0.00312567,0.00287615,0.0026238,0.00236885,0.00211157,0.00185221,0.00159101,0.00132825,0.00106418,0.000799053,0.000533141,0.000266702,-0,
0,0.000274437,0.000548603,0.000822228,0.00109504,0.00136677,0.00163716,0.00190593,0.00217281,0.00243756,0.00269989,0.00295957,0.00321632,0.0034699,0.00372005,0.00396653,0.0042091,0.00444752,0.00468154,0.00491095,0.0051355,0.00535499,0.0055692,0.00577791,0.00598092,0.00617802,0.00636903,0.00655375,0.00673201,0.00690362,0.00706841,0.00722624,0.00737693,0.00752034,0.00765633,0.00778476,0.00790551,0.00801846,0.00812349,0.00822051,0.00830942,0.00839013,0.00846255,0.00852663,0.00858228,0.00862947,0.00866815,0.00869827,0.0087198,0.00873273,0.00873704,0.00873273,0.0087198,0.00869827,0.00866815,0.00862947,0.00858228,0.00852663,0.00846255,0.00839013,0.00830942,0.00822051,0.00812349,0.00801846,0.00790551,0.00778476,0.00765633,0.00752034,0.00737693,0.00722624,0.00706841,0.00690362,0.00673201,0.00655375,0.00636903,0.00617802,0.00598092,0.00577791,0.0055692,0.00535499,0.0051355,0.00491095,0.00468154,0.00444752,0.0042091,0.00396653,0.00372005,0.0034699,0.00321632,0.00295957,0.00269989,0.00243756,0.00217281,0.00190593,0.00163716,0.00136677,0.00109504,0.000822228,0.000548603,0.000274437,-0,
0,0.000281901,0.000563525,0.000844592,0.00112483,0.00140395,0.00168169,0.00195777,0.00223191,0.00250386,0.00277333,0.00304006,0.0033038,0.00356427,0.00382123,0.00407442,0.00432358,0.00456848,0.00480887,0.00504452,0.00527518,0.00550064,0.00572068,0.00593506,0.00614359,0.00634606,0.00654226,0.00673201,0.00691511,0.00709139,0.00726067,0.00742278,0.00757757,0.00772488,0.00786457,0.0079965,0.00812053,0.00823655,0.00834445,0.0084441,0.00853543,0.00861833,0.00869272,0.00875854,0.00881571,0.00886418,0.00890391,0.00893485,0.00895697,0.00897025,0.00897468,0.00897025,0.00895697,0.00893485,0.00890391,0.00886418,0.00881571,0.00875854,0.00869272,0.00861833,0.00853543,0.0084441,0.00834445,0.00823655,0.00812053,0.0079965,0.00786457,0.00772488,0.00757757,0.00742278,0.00726067,0.00709139,0.00691511,0.00673201,0.00654226,0.00634606,0.00614359,0.00593506,0.00572068,0.00550064,0.00527518,0.00504452,0.00480887,0.00456848,0.00432358,0.00407442,0.00382123,0.00356427,0.0033038,0.00304006,0.00277333,0.00250386,0.00223191,0.00195777,0.00168169,0.00140395,0.00112483,0.000844592,0.000563525,0.000281901,-0,
0,0.000289088,0.00057789,0.000866122,0.0011535,0.00143974,0.00172456,0.00200767,0.00228881,0.00256768,0.00284403,0.00311756,0.00338802,0.00365513,0.00391864,0.00417828,0.0044338,0.00468494,0.00493146,0.00517311,0.00540966,0.00564087,0.00586651,0.00608636,0.0063002,0.00650783,0.00670903,0.00690362,0.00709139,0.00727216,0.00744575,0.007612,0.00777074,0.0079218,0.00806505,0.00820034,0.00832754,0.00844652,0.00855716,0.00865936,0.00875301,0.00883802,0.00891432,0.00898181,0.00904044,0.00909015,0.00913089,0.00916261,0.0091853,0.00919892,0.00920346,0.00919892,0.0091853,0.00916261,0.00913089,0.00909015,0.00904044,0.00898181,0.00891432,0.00883802,0.00875301,0.00865936,0.00855716,0.00844652,0.00832754,0.00820034,0.00806505,0.0079218,0.00777074,0.007612,0.00744575,0.00727216,0.00709139,0.00690362,0.00670903,0.00650783,0.0063002,0.00608636,0.00586651,0.00564087,0.00540966,0.00517311,0.00493146,0.00468494,0.0044338,0.00417828,0.00391864,0.00365513,0.00338802,0.00311756,0.00284403,0.00256768,0.00228881,0.00200767,0.00172456,0.00143974,0.0011535,0.000866122,0.00057789,0.000289088,-0,
0,0.000295989,0.000591685,0.000886797,0.00118103,0.00147411,0.00176572,0.0020556,0.00234344,0.00262898,0.00291192,0.00319198,0.0034689,0.00374239,0.00401219,0.00427802,0.00453964,0.00479678,0.00504918,0.0052966,0.00553879,0.00577552,0.00600655,0.00623165,0.0064506,0.00666318,0.00686919,0.00706841,0.00726067,0.00744575,0.00762349,0.00779371,0.00795624,0.00811091,0.00825758,0.00839609,0.00852633,0.00864815,0.00876143,0.00886607,0.00896196,0.009049,0.00912711,0.00919622,0.00925625,0.00930714,0.00934885,0.00938134,0.00940456,0.00941851,0.00942316,0.00941851,0.00940456,0.00938134,0.00934885,0.00930714,0.00925625,0.00919622,0.00912711,0.009049,0.00896196,0.00886607,0.00876143,0.00864815,0.00852633,0.00839609,0.00825758,0.00811091,0.00795624,0.00779371,0.00762349,0.00744575,0.00726067,0.00706841,0.00686919,0.00666318,0.0064506,0.00623165,0.00600655,0.00577552,0.00553879,0.0052966,0.00504918,0.00479678,0.00453964,0.00427802,0.00401219,0.00374239,0.0034689,0.00319198,0.00291192,0.00262898,0.00234344,0.0020556,0.00176572,0.00147411,0.00118103,0.000886797,0.000591685,0.000295989,-0,
0,0.000302597,0.000604896,0.000906598,0.0012074,0.00150702,0.00180515,0.0021015,0.00239577,0.00268768,0.00297693,0.00326325,0.00354635,0.00382595,0.00410177,0.00437354,0.004641,0.00490388,0.00516192,0.00541486,0.00566246,0.00590447,0.00614066,0.00637079,0.00659462,0.00681195,0.00702256,0.00722624,0.00742278,0.007612,0.00779371,0.00796773,0.00813388,0.00829201,0.00844195,0.00858356,0.0087167,0.00884124,0.00895705,0.00906403,0.00916206,0.00925104,0.0093309,0.00940155,0.00946292,0.00951495,0.00955759,0.0095908,0.00961455,0.0096288,0.00963356,0.0096288,0.00961455,0.0095908,0.00955759,0.00951495,0.00946292,0.00940155,0.0093309,0.00925104,0.00916206,0.00906403,0.00895705,0.00884124,0.0087167,0.00858356,0.00844195,0.00829201,0.00813388,0.00796773,0.00779371,0.007612,0.00742278,0.00722624,0.00702256,0.00681195,0.00659462,0.00637079,0.00614066,0.00590447,0.00566246,0.00541486,0.00516192,0.00490388,0.004641,0.00437354,0.00410177,0.00382595,0.00354635,0.00326325,0.00297693,0.00268768,0.00239577,0.0021015,0.00180515,0.00150702,0.0012074,0.000906598,0.000604896,0.000302597,-0,
0,0.000308907,0.00061751,0.000925503,0.00123258,0.00153845,0.00184279,0.00214532,0.00244573,0.00274372,0.00303901,0.0033313,0.0036203,0.00390573,0.0041873,0.00446475,0.00473778,0.00500614,0.00526956,0.00552778,0.00578054,0.0060276,0.00626871,0.00650364,0.00673214,0.006954,0.007169,0.00737693,0.00757757,0.00777074,0.00795624,0.00813388,0.0083035,0.00846492,0.00861799,0.00876256,0.00889847,0.00902561,0.00914384,0.00925304,0.00935312,0.00944396,0.00952548,0.0095976,0.00966025,0.00971337,0.0097569,0.0097908,0.00981504,0.00982959,0.00983445,0.00982959,0.00981504,0.0097908,0.0097569,0.00971337,0.00966025,0.0095976,0.00952548,0.00944396,0.00935312,0.00925304,0.00914384,0.00902561,0.00889847,0.00876256,0.00861799,0.00846492,0.0083035,0.00813388,0.00795624,0.00777074,0.00757757,0.00737693,0.007169,0.006954,0.00673214,0.00650364,0.00626871,0.0060276,0.00578054,0.00552778,0.00526956,0.00500614,0.00473778,0.00446475,0.0041873,0.00390573,0.0036203,0.0033313,0.00303901,0.00274372,0.00244573,0.00214532,0.00184279,0.00153845,0.00123258,0.000925503,0.00061751,0.000308907,-0,
0,0.000314913,0.000629515,0.000943495,0.00125654,0.00156835,0.00187862,0.00218702,0.00249327,0.00279706,0.00309809,0.00339606,0.00369068,0.00398166,0.00426871,0.00455154,0.00482989,0.00510346,0.005372,0.00563524,0.00589292,0.00614478,0.00639058,0.00663007,0.00686302,0.00708919,0.00730837,0.00752034,0.00772488,0.0079218,0.00811091,0.00829201,0.00846492,0.00862948,0.00878553,0.00893291,0.00907146,0.00920107,0.0093216,0.00943293,0.00953494,0.00962755,0.00971066,0.00978418,0.00984805,0.0099022,0.00994658,0.00998114,0.0100058,0.0100207,0.0100256,0.0100207,0.0100058,0.00998114,0.00994658,0.0099022,0.00984805,0.00978418,0.00971066,0.00962755,0.00953494,0.00943293,0.0093216,0.00920107,0.00907146,0.00893291,0.00878553,0.00862948,0.00846492,0.00829201,0.00811091,0.0079218,0.00772488,0.00752034,0.00730837,0.00708919,0.00686302,0.00663007,0.00639058,0.00614478,0.00589292,0.00563524,0.005372,0.00510346,0.00482989,0.00455154,0.00426871,0.00398166,0.00369068,0.00339606,0.00309809,0.00279706,0.00249327,0.00218702,0.00187862,0.00156835,0.00125654,0.000943495,0.000629515,0.000314913,-0,
0,0.000320607,0.000640898,0.000960556,0.00127927,0.00159671,0.00191259,0.00222657,0.00253836,0.00284764,0.00315411,0.00345747,0.00375742,0.00405366,0.0043459,0.00463385,0.00491722,0.00519575,0.00546914,0.00573714,0.00599948,0.0062559,0.00650614,0.00674996,0.00698712,0.00721739,0.00744053,0.00765633,0.00786457,0.00806505,0.00825758,0.00844195,0.00861799,0.00878553,0.0089444,0.00909444,0.0092355,0.00936745,0.00949016,0.0096035,0.00970736,0.00980165,0.00988626,0.00996111,0.0100261,0.0100813,0.0101264,0.0101616,0.0101868,0.0102019,0.0102069,0.0102019,0.0101868,0.0101616,0.0101264,0.0100813,0.0100261,0.00996111,0.00988626,0.00980165,0.00970736,0.0096035,0.00949016,0.00936745,0.0092355,0.00909444,0.0089444,0.00878553,0.00861799,0.00844195,0.00825758,0.00806505,0.00786457,0.00765633,0.00744053,0.00721739,0.00698712,0.00674996,0.00650614,0.0062559,0.00599948,0.00573714,0.00546914,0.00519575,0.00491722,0.00463385,0.0043459,0.00405366,0.00375742,0.00345747,0.00315411,0.00284764,0.00253836,0.00222657,0.00191259,0.00159671,0.00127927,0.000960556,0.000640898,0.000320607,-0,
0,0.000325985,0.000651649,0.00097667,0.00130073,0.0016235,0.00194467,0.00226392,0.00258094,0.00289541,0.00320702,0.00351547,0.00382045,0.00412166,0.0044188,0.00471158,0.00499971,0.00528291,0.00556089,0.00583338,0.00610012,0.00636084,0.00661528,0.00686319,0.00710433,0.00733846,0.00756534,0.00778476,0.0079965,0.00820034,0.00839609,0.00858356,0.00876256,0.00893291,0.00909444,0.00924699,0.00939042,0.00952459,0.00964935,0.0097646,0.0098702,0.00996607,0.0100521,0.0101282,0.0101943,0.0102504,0.0102963,0.0103321,0.0103577,0.010373,0.0103781,0.010373,0.0103577,0.0103321,0.0102963,0.0102504,0.0101943,0.0101282,0.0100521,0.00996607,0.0098702,0.0097646,0.00964935,0.00952459,0.00939042,0.00924699,0.00909444,0.00893291,0.00876256,0.00858356,0.00839609,0.00820034,0.0079965,0.00778476,0.00756534,0.00733846,0.00710433,0.00686319,0.00661528,0.00636084,0.00610012,0.00583338,0.00556089,0.00528291,0.00499971,0.00471158,0.0044188,0.00412166,0.00382045,0.00351547,0.00320702,0.00289541,0.00258094,0.00226392,0.00194467,0.0016235,0.00130073,0.00097667,0.000651649,0.000325985,-0,
